SNP	Chr	Position	A1	A2	HDL_beta	HDL_se	HDL_N	CAD_freq	CAD_beta	CAD_se	x1	x2	x1_se	x2_se
rs10019888	4	26062990	A	G	0.027	0.0046	187077.04	0.83853	-0.006142	0.0133297	0.0135704949454839	-0.00319617120873974	0.00231201024997133	0.00693650331506644
rs10087900	8	144303418	G	A	0.0231	0.0036	183672	0.593307	0.014358	0.010286	0.0149722821114704	0.00997429093249841	0.00233334266672267	0.0071455325624515
rs102275	11	61557803	T	C	0.0391	0.0035	187085	0.662632	0.020886	0.0099579	0.0258279078899094	0.0139655620041774	0.00231196106431414	0.00665841567946943
rs103294	19	54797848	C	T	-0.0523	0.0044	175917.04	0.788742	0.008202	0.0119534	-0.0283396875599582	0.00473487838255488	0.00238421845628711	0.00690049929993069
rs10761771	10	65230164	T	C	-0.0198	0.0034	182895	0.519119	-0.012196	0.0091508	-0.0136171228883534	-0.00861756732126619	0.00233829382931322	0.00646586053160403
rs10773003	12	123775127	G	A	-0.0431	0.0056	186937.62	0.883526	-0.016827	0.014064	-0.0178008560653719	-0.00763388924752274	0.0023128722497931	0.00638040163886372
rs10773105	12	125283766	T	C	-0.0363	0.0035	186296	0.531862	0.009149	0.0094398	-0.0240290618679528	0.00645617143973368	0.00231685169525715	0.00666138016797442
rs1077834	15	58723479	T	C	-0.1253	0.0041	184349.04	0.755167	-0.03714	0.0107911	-0.0711781627974679	-0.0225846505963652	0.00232905401013263	0.00656201462171343
rs10808546	8	126495818	C	T	-0.0409	0.0034	185835	0.606286	0.039749	0.0097048	-0.027904910566276	0.0274644182346962	0.00231972361675644	0.00670549412775366
rs11038977	11	46734384	C	T	-0.0536	0.0048	187081.84	0.832766	-0.006879	0.0124857	-0.0258171165872481	-0.00363048033654997	0.00231198058990281	0.00658948805612181
rs11040329	11	49339071	T	C	-0.038	0.0054	147407.93	0.850171	0.005858	0.0129734	-0.0183286050493231	0.00295675574294876	0.00260459124385117	0.00654816916278107
rs11057405	12	122781897	G	A	0.0412	0.0062	180202.67	0.91819	-0.013737	0.0191598	0.0156539850887197	-0.00532446984409593	0.00235569678519569	0.00742635053642783
rs1121980	16	53809247	G	A	0.0196	0.0034	185523.9	0.583815	-0.024635	0.0093909	0.0133837316944661	-0.0171730882123429	0.00232166774291759	0.00654640771639093
rs11229606	11	55196302	T	G	-0.0335	0.0051	181597.6	0.875341	0.008625	0.0140673	-0.0154141499192289	0.00402925317070421	0.00234663177874829	0.00657167688443448
rs1138429	16	56942921	A	T	0.1156	0.0065	180289.69	0.886885	-0.021963	0.0154034	0.0418850493477492	-0.00983785493107373	0.00235512820726963	0.00689962275851665
rs11765979	7	130445877	A	C	-0.0412	0.0048	94311	0.545401	0.019222	0.0093235	-0.0279495489581969	0.0135358575023821	0.00325625813105206	0.00656547536278534
rs11789603	9	107647019	C	T	-0.06	0.006	184431.94	0.888693	-0.020591	0.0145072	-0.0232853051003021	-0.0091586097681955	0.00232853051003021	0.00645261442519381
rs11853431	15	58635891	G	A	-0.0762	0.012	145479.13	0.979388	-0.000131	0.0417826	-0.0166484335754301	-2.63222948532386e-05	0.00262180056305986	0.00839552608347272
rs12133576	1	93816400	G	A	-0.0243	0.0035	187123.1	0.616419	0.005866	0.0095462	-0.016049981177251	0.00403388588535047	0.00231172568396619	0.00656465759269223
rs12145743	1	156700651	T	G	-0.0203	0.0036	181336	0.697127	-0.003401	0.0102881	-0.0132419371217446	-0.00221007932158175	0.00234832382454585	0.00668553868520001
rs12720917	16	57019392	T	C	-0.0976	0.0055	175777.04	0.872505	0.013087	0.0158716	-0.0423258856925058	0.00617284879662826	0.00238516773881949	0.00748628310235846
rs12740374	1	109817590	G	T	-0.0343	0.0041	186888	0.786738	0.113549	0.011482	-0.0193517192659313	0.0657764020866446	0.00231317927085477	0.0066512664026883
rs12748152	1	27138393	C	T	0.0506	0.0062	187056.5	0.930152	-0.013671	0.0185515	0.0188700228180778	-0.0049279833389381	0.00231213718324273	0.00668725644885598
rs12801636	11	65391317	G	A	-0.0235	0.0042	187099	0.759411	0.04993	0.0109584	-0.0129354886346581	0.0301823387571281	0.00231187456449209	0.00662427680825381
rs12905748	15	58623465	C	A	-0.0449	0.0074	180189.59	0.942083	-0.006175	0.0200092	-0.014293868182073	-0.00203985629131104	0.00235578228390513	0.00660986113426736
rs13076253	3	131751775	A	C	0.0283	0.0048	186809.34	0.859285	0.000612	0.0131733	0.0136409904573468	0.000300957543101826	0.00231366622598109	0.0064781111152668
rs13107325	4	103188709	C	T	0.0708	0.0078	179316.04	0.938718	0.00667	0.0223469	0.021435276269708	0.00226242853537923	0.00236151348734071	0.00757994966075955
rs13133548	4	89740128	A	G	-0.0249	0.0034	185853.1	0.492083	0.018103	0.0093507	-0.0169877368668761	0.0127991492851426	0.00231961065652124	0.00661111446835237
rs13225097	7	150307167	A	G	0.0227	0.0039	187059.01	0.759409	0.024086	0.0107487	0.0134577338274857	0.0145598613187096	0.0023121216708015	0.00649753306304133
rs13326165	3	52532118	G	A	-0.0289	0.0043	187134.92	0.785753	0.016246	0.012565	-0.0155364563510307	0.00942674686841603	0.00231165267506685	0.00729084540204649
rs13336936	16	56722572	C	T	-0.0717	0.0104	175013.86	0.95576	0.021085	0.0220167	-0.0164797111258365	0.00613155442734708	0.00239036256218549	0.00640249439699182
rs1366544	16	56964719	G	A	-0.0208	0.0086	123327.94	0.847697	-0.010835	0.0126562	-0.0068870644160251	-0.00550577507740081	0.00284753624893346	0.00643121278584219
rs13702	8	19824492	T	C	-0.1058	0.0038	187044	0.719068	0.04602	0.0106531	-0.0643769178597002	0.0292514365125623	0.00231221444108564	0.00677137067170747
rs1515110	2	227122216	T	G	-0.0323	0.0035	187081	0.632623	0.036763	0.0101621	-0.021336325915639	0.0250642326119774	0.0023119857803324	0.00692830395305541
rs1532085	15	58683366	G	A	-0.1068	0.0035	185482	0.587943	-0.01812	0.0093539	-0.0708520341493981	-0.0126130306580411	0.00232192995807953	0.00651109423136041
rs1588069	11	48694871	A	G	-0.0309	0.0044	183240.03	0.811005	0.035271	0.0123532	-0.0164057324944904	0.0195285363295274	0.00233609135843876	0.00683961086972069
rs1689797	1	182150978	C	A	0.0358	0.0036	187126	0.679931	-0.009721	0.009821	0.0229886494987188	-0.00641327951645119	0.00231170777082088	0.00647925297099755
rs16942887	16	67928042	G	A	-0.0831	0.0051	185603.82	0.867091	-0.013367	0.0135524	-0.0378213818687089	-0.00641739069636442	0.00232116784031787	0.00650639976609629
rs17120244	11	116919511	C	T	-0.0443	0.0045	187028.9	0.787615	-0.013378	0.0112473	-0.0227633854677293	-0.00773793539037133	0.00231230777888898	0.00650552255315619
rs17135399	11	126218541	A	G	0.0483	0.0077	183857.87	0.928957	-0.048125	0.0185286	0.0146290220102326	-0.0174841366619877	0.00233216292916752	0.00673156518556478
rs17145738	7	72982874	C	T	-0.0408	0.0053	184970.7	0.883418	-0.00782	0.0145648	-0.017899167139859	-0.00354911950966908	0.00232513690787383	0.00661025777933865
rs17173637	7	150529449	T	C	0.0363	0.0057	183901.39	0.916523	-0.00937	0.0170155	0.0148504380169211	-0.00366530137007132	0.00233188696133472	0.00665602299492513
rs17301746	15	58731395	C	T	-0.1239	0.0139	174164.98	0.95971	-0.060475	0.0243685	-0.0213587626177377	-0.0168174257378515	0.00239618079408034	0.00677660916234534
rs17630235	12	112591686	G	A	0.0213	0.0035	187081.9	0.654112	-0.062687	0.0109421	0.0140700510480259	-0.0421683191408254	0.00231198021915918	0.00736053671209063
rs17695224	19	52324216	G	A	0.029	0.0039	185367	0.745369	0.004094	0.0105923	0.017270987912021	0.00252234296247384	0.00232265009851316	0.0065259925162217
rs1800961	20	43042364	C	T	0.127	0.0099	157870.54	0.970404	0.028051	0.028278	0.0322862777911318	0.00672289215127995	0.00251680433174964	0.00677729650471978
rs180360	11	116598988	A	G	-0.0471	0.0039	179195.06	0.738289	0.011791	0.0106477	-0.0285294424024088	0.00732976117916484	0.00236231051739691	0.0066190397852085
rs181360	22	21928916	T	G	0.0376	0.0042	178216.02	0.758661	0.00785	0.0108182	0.0212063138320584	0.00475031368017433	0.00236879037485759	0.00654647687323082
rs1872167	11	47901269	C	T	-0.0548	0.0048	178710.01	0.834313	-0.003392	0.0125606	-0.027006287179542	-0.00178352648949536	0.00236551420550733	0.00660441120989253
rs1877031	17	37814080	G	A	-0.0336	0.0036	185471.1	0.349845	0.018478	0.0098254	-0.0216719830705859	0.0124628179085215	0.00232199818613421	0.00662691693248119
rs1883025	9	107664301	C	T	0.0698	0.0041	186365	0.739653	0.025887	0.0104565	0.0394356850119694	0.016065232749347	0.00231642275858273	0.00648920717902992
rs1936800	6	127436064	T	C	-0.02	0.0034	187111	0.513904	0.009274	0.0092062	-0.0135988260559675	0.00655517231008966	0.00231180042951448	0.00650724901025958
rs1991515	16	57034645	C	T	-0.0225	0.0037	185479.9	0.579969	0.003725	0.0099264	-0.0141199242717549	0.0026000657913851	0.00232194310246636	0.00692866928096781
rs2000813	18	47093864	C	T	-0.0401	0.0039	177736.02	0.711181	0.026677	0.0102295	-0.0243888902934049	0.0170983789988296	0.00237198683651569	0.00655650440336346
rs2013208	3	50129399	T	C	0.0254	0.0036	169708	0.540866	-0.024706	0.0095918	0.0171269511167188	-0.0174113322504135	0.00242744189055857	0.00675973515257491
rs205262	6	34563164	A	G	0.0283	0.0039	181707.03	0.731177	-0.034077	0.0107889	0.0170229946849281	-0.0213658819569228	0.00234592506258726	0.00676451459474264
rs2075650	19	45395619	A	G	0.0554	0.0051	175421.02	0.865123	-0.071112	0.0148255	0.0259357476947653	-0.0343530869757879	0.00238758688164807	0.00716196550454977
rs2148489	10	114048792	T	C	0.0283	0.0041	187089.97	0.729005	-0.002277	0.0103783	0.0159579583093098	-0.00143127775316461	0.00231193035576573	0.0065235967965166
rs2201637	11	50096095	T	G	0.0327	0.0053	186655.37	0.101495	0.015054	0.0185493	0.0142807704587486	0.00642908966178777	0.00231462028842102	0.00792182229728975
rs2229714	1	26900708	G	A	0.0294	0.0048	187011.41	0.871331	0.007828	0.0144703	0.0141635474129594	0.00370675908303657	0.00231241590415663	0.00685205875820951
rs2230808	9	107562804	C	T	0.0385	0.004	186359.96	0.710424	0.016383	0.0102979	0.0222958705348649	0.010508688620554	0.00231645408154441	0.00660547058204258
rs2233455	16	67207933	C	T	-0.0567	0.0066	185556	0.922415	-0.01476	0.0174065	-0.0199435112449722	-0.00558410294283672	0.00232146691740417	0.00658534470694358
rs2241210	12	109950144	G	A	0.0332	0.0035	174782	0.510769	0.005291	0.0092192	0.0226893308041913	0.00374043411083357	0.00239194752453824	0.00651744663666545
rs2250802	10	113921354	A	G	-0.034	0.0038	184088.04	0.711727	-0.010815	0.0104022	-0.020853671766664	-0.00692787792146274	0.00233070449156833	0.00666344629816364
rs2278236	19	8431581	G	A	-0.0331	0.0035	185450	0.497226	0.023612	0.0097808	-0.0219607177692701	0.0166959483582618	0.00232213027771739	0.00691596356524169
rs2290547	3	47061183	G	A	0.0297	0.0046	187141.75	0.836938	0.027332	0.0136654	0.0149249633887226	0.0142793827807951	0.00231161049118263	0.00713937792524064
rs2293889	8	116599199	G	T	0.0312	0.0035	180102	0.596393	-0.006968	0.0095592	0.0210052222899247	-0.00483469134792927	0.00235635506457488	0.00663257484688941
rs2454722	12	123171218	A	G	-0.0351	0.0044	186355.01	0.797431	0.001882	0.0122032	-0.0184792313883619	0.00106971396719097	0.00231648484640434	0.00693620270160724
rs2602836	4	100014805	G	A	-0.0192	0.0034	187102	0.589172	-0.000985	0.0097461	-0.0130551869933876	-0.000685334027556291	0.00231185603007906	0.00678104971164098
rs2606736	3	11400249	T	C	-0.0246	0.0043	129328	0.592967	0.018048	0.0093757	-0.0159081754008041	0.0125393248286014	0.00278069732615681	0.0065140152812233
rs2642438	1	220970028	G	A	0.0303	0.0039	179439.1	0.705118	0.007604	0.0107411	0.0183408508993588	0.00490356727932326	0.00236070358110558	0.00692657897211193
rs2652840	15	63393220	C	T	0.0272	0.0042	185236.95	0.771343	-0.006238	0.0117709	0.0150472037912012	-0.00370489914571689	0.00232346529128842	0.00699102233958304
rs2864166	11	51295877	A	G	-0.038	0.0063	125858.66	0.871187	0.003833	0.0151786	-0.0170020580785729	0.00181588924994011	0.00281876226039497	0.00719088352964804
rs289714	16	57007451	A	G	0.2143	0.005	183369.06	0.769126	-0.006042	0.012087	0.100089642344572	-0.00360065887828893	0.00233526930341979	0.00720310557131386
rs289741	16	57017474	A	G	-0.1092	0.0039	184987.9	0.668203	0.012655	0.0101773	-0.0651008067036788	0.00842689505382874	0.00232502881084567	0.00677700822057141
rs289751	16	57026775	A	G	-0.103	0.0103	153160.97	0.917884	0.019494	0.0256579	-0.0255520616083686	0.00756874288736873	0.00255520616083686	0.00996193947521381
rs2899624	15	58579956	A	G	0.0714	0.0049	185565.26	0.858602	0.020035	0.0130603	0.0338262453447263	0.00987238141553255	0.00232140899424592	0.00643555093592612
rs291040	16	57061189	T	C	0.0305	0.0037	185510.9	0.697095	-0.000786	0.0102251	0.0191387424900055	-0.000510783369651188	0.00232174908895149	0.0066447977519343
rs2913968	19	8467235	T	C	0.0278	0.0039	185388	0.705384	-0.020515	0.0102871	0.0165553885999747	-0.0132259685535123	0.00232251854460077	0.00663206732180534
rs2925979	16	81534790	C	T	0.0351	0.0037	185553	0.681079	-0.016408	0.0103283	0.0220227425692318	-0.0108146121477058	0.00232148568393612	0.00680744506613542
rs3111576	19	8610894	C	T	-0.0448	0.0054	184736.8	0.895704	0.039449	0.0161627	-0.0193022326516938	0.0170516762986357	0.00232660839998095	0.00698626399939057
rs3289	8	19823192	T	C	0.1695	0.0113	178804.33	0.971324	-0.092763	0.0301442	0.0354733532114936	-0.0218943032477826	0.00236489021409957	0.00711475756456569
rs333947	1	110470764	G	A	0.0296	0.0047	181513.48	0.826516	-0.007632	0.012011	0.0147822114917649	-0.0040870382823993	0.00234717547335455	0.00643205146880215
rs3780543	9	107588572	A	G	-0.0502	0.0053	186111.61	0.840286	-0.050158	0.0130527	-0.0219553879012669	-0.025986049785921	0.00231799912105009	0.00676239307868518
rs3790106	16	56363528	C	G	0.0374	0.0052	174560.08	0.843073	-0.009884	0.0130147	0.0172145546768433	-0.00508427650340892	0.00239346749517607	0.0066946917653699
rs3847502	11	47333685	C	A	-0.048	0.0036	187049.9	0.648297	-0.003099	0.0097113	-0.030829039658917	-0.00209272236878225	0.00231217797441878	0.00655793957404166
rs3861397	6	139828916	A	G	0.024	0.0036	187084	0.662675	-0.007239	0.010009	0.0154131149549626	-0.00484025377511165	0.00231196724324439	0.00669237464222856
rs3936511	5	55860781	A	G	0.0308	0.0046	186348.86	0.833254	-0.043699	0.0124879	0.0155106327370624	-0.0230357794838114	0.00231652307111971	0.00658295408626945
rs4142995	7	17919258	T	G	-0.0263	0.0037	165161	0.418944	-0.014411	0.009355	-0.0174904213763757	-0.0100553246864551	0.0024606296232924	0.00652748334201566
rs4148005	17	66882466	T	G	0.0283	0.0036	184431	0.67494	-0.028512	0.0098786	0.018304883712554	-0.0188867411974888	0.0023285364439998	0.00654372059460975
rs4149281	9	107626389	C	T	-0.0369	0.0052	185984.84	0.836324	0.000337	0.0125389	-0.0164544833218903	0.00017632937987045	0.00231878897761056	0.00656076101263377
rs4240624	8	9184231	A	G	0.0818	0.0058	185696.43	0.871069	0.000362	0.0159976	0.032728306437339	0.000171564932205783	0.0023205889649947	0.00758184298192055
rs436965	15	58711654	T	C	0.1253	0.0116	144003.54	0.927226	-0.000478	0.0241729	0.0284646925675382	-0.000175599719635398	0.0026351989926851	0.00888023946187137
rs442177	4	88030261	T	G	-0.0215	0.0034	187104.1	0.562099	-0.000886	0.0092931	-0.0146190075616135	-0.000621645929885105	0.00231184305625516	0.00652033610724071
rs4468779	2	21125742	T	C	0.0239	0.004	172700	0.741309	0.007623	0.0108161	0.0143777769151362	0.00472096970817326	0.00240632249625711	0.00669847572616723
rs4489763	11	55944474	G	A	-0.0314	0.0051	184625.22	0.877317	0.002527	0.0140423	-0.0143289365328844	0.00117244021347731	0.00232731134769779	0.00651513937859612
rs4557718	8	19890654	T	C	0.0522	0.0061	179900.39	0.887443	-0.059314	0.017816	0.0201755143607532	-0.0265111580826445	0.00235767504981981	0.00796309121624563
rs459193	5	55806751	G	A	-0.0235	0.0039	187098.9	0.703363	0.026366	0.0101567	-0.0139305299447098	0.0170318437844885	0.00231187518231354	0.00656100006697695
rs4599828	8	19709575	C	T	-0.0232	0.0035	187054	0.527213	0.026694	0.0097015	-0.0153262688894998	0.0188475312670297	0.00231215263419178	0.00684982859770317
rs4650994	1	178515312	G	A	0.021	0.0034	186927	0.498679	-0.028675	0.0091432	0.0142857932217328	-0.0202762161844966	0.0023129379501853	0.00646519615756198
rs4660293	1	40028180	A	G	0.0353	0.004	187027.06	0.799142	-0.019003	0.01186	0.0204062165276494	-0.0107669751641489	0.00231231915327472	0.00671979821327192
rs4760278	12	57771153	C	A	-0.0272	0.0041	184562	0.810125	0.015735	0.0122358	-0.0154423682034468	0.00872753613758949	0.00232770991301955	0.00678667853017588
rs4784659	16	56387000	C	T	-0.0274	0.0049	173706.97	0.816343	0.013784	0.0122087	-0.0134167046764521	0.00754797306628198	0.00239933769761369	0.00668535539569913
rs4846914	1	230295691	G	A	-0.0479	0.0034	186995	0.458887	0.03077	0.0095245	-0.0325792887813887	0.021683997835385	0.00231251736652864	0.00671203241414118
rs4917014	7	50305863	T	G	-0.0222	0.0036	186868	0.692	0.026796	0.0099688	-0.0142653688351458	0.0174949768614752	0.00231330305434797	0.00650858058429145
rs492571	15	44211273	T	C	0.0663	0.009	177351.68	0.950757	0.004316	0.0221058	0.0174925597321688	0.00132069779058871	0.00237455561975142	0.00676438397108338
rs4939883	18	47167214	C	T	0.0799	0.0045	185576.01	0.799097	-0.025045	0.0122652	0.0412167125170018	-0.0141915226582773	0.0023213417562767	0.00694996461203044
rs4969178	17	76388202	G	A	0.0263	0.0035	185426.1	0.591378	-0.005168	0.0095723	0.0174502748670551	-0.00359278275488508	0.00232227992527349	0.0066546428724045
rs4983559	14	105277209	G	A	0.0197	0.0036	183671.9	0.435579	-0.013962	0.0101817	0.0127685730688167	-0.00979033787869308	0.00233334330191573	0.00713954184067392
rs4986970	16	67976320	A	T	0.0792	0.0099	170807.98	0.964071	-0.003359	0.0306895	0.0193569045551312	-0.000884101395637026	0.0024196130693914	0.00807759148002457
rs499974	11	75455021	C	A	0.0263	0.0044	186749.05	0.81841	-0.009428	0.0121196	0.013831646194095	-0.00514003409349559	0.00231403966745316	0.00660746257950034
rs5167	19	45448465	T	G	-0.032	0.0037	185470	0.634209	0.011396	0.009972	-0.0200822060269694	0.00776247378803722	0.00232200507186834	0.0067925051434106
rs573455	11	117267884	A	G	0.0221	0.0034	187026	0.485324	0.03191	0.0094354	0.0150301170889102	0.0225540554959599	0.00231232570598619	0.00666896067773676
rs6065906	20	44554015	T	C	0.0594	0.0044	185531.94	0.825735	0.028179	0.0122532	0.031341835410345	0.0151170137048865	0.00232161743780333	0.00657339835795148
rs6450176	5	53298025	G	A	0.0254	0.0039	187131.93	0.723784	-0.029672	0.0101925	0.0150554992378761	-0.0187625007759859	0.0023116711428235	0.00644502524801955
rs653178	12	112007756	T	C	0.0263	0.0035	179274	0.578953	-0.064429	0.0103674	0.0177471675637368	-0.0449866166037756	0.00236179036019311	0.00723888697601985
rs6567160	18	57829135	T	C	0.0257	0.0041	185608.02	0.745694	-0.057739	0.0105597	0.0145495947699813	-0.0355584550610401	0.00232114157809041	0.00650317147695779
rs676210	2	21231524	G	A	-0.066	0.004	187080.95	0.730214	-0.004848	0.0105271	-0.0381477704732462	-0.0030430731428916	0.00231198608928765	0.00660782493451613
rs6805251	3	119560606	T	C	0.02	0.0035	186301.1	0.43235	-0.014206	0.0093137	0.0132389713319235	-0.00995279046287132	0.00231681998308661	0.00652522205645816
rs686030	9	15304782	A	C	0.055	0.0049	187034.93	0.842067	-0.021993	0.014353	0.0259540566800779	-0.011342511769467	0.00231227050422512	0.00740231307357614
rs687339	3	135932359	T	C	-0.0316	0.0042	187105.06	0.759256	0.038087	0.0112397	-0.0173938221818593	0.0230283921329432	0.00231183712543699	0.00679581534530528
rs6985218	8	10655416	C	G	0.0238	0.004	186647	0.760464	0.022517	0.0109356	0.0137722995082904	0.0135909636822638	0.00231467218626729	0.00660058366761841
rs702485	7	6449272	G	A	0.0243	0.0034	186973.9	0.478352	-0.012116	0.0095125	0.0165286301978406	-0.00855927210006815	0.00231264784661144	0.00672004587750894
rs7117842	11	122534504	T	C	-0.0272	0.0035	186881.9	0.622869	-0.018844	0.0096212	-0.0179770008622355	-0.0129161347758044	0.00231321702271412	0.00659460390070947
rs7134375	12	20473758	C	A	-0.0207	0.0035	187088	0.588453	0.005973	0.0094593	-0.0136734886645391	0.00415693394347045	0.00231194252782062	0.0065832387831023
rs7306660	12	125327384	G	A	0.0345	0.0036	186939	0.635062	-0.013501	0.0097993	0.0221649439149564	-0.00919175716488479	0.00231286371286502	0.00667156403124625
rs731839	19	33899065	A	G	0.022	0.0037	185498	0.61008	-0.027621	0.0096809	0.0138054745917261	-0.0190517794615376	0.00232182981769939	0.00667746901955756
rs737337	19	11347493	T	C	0.0565	0.0061	185432.49	0.885588	-0.02134	0.0146311	0.0215092713166976	-0.00960640878037653	0.00232223991206824	0.00658633212308187
rs7607980	2	165551201	T	C	-0.0447	0.0052	187036.42	0.876468	0.029231	0.0149168	-0.0198765538158492	0.01360242811396	0.00231226129401378	0.00694142176765482
rs7973683	12	124449223	C	A	-0.0286	0.0036	186995.9	0.68756	0.023756	0.0101339	-0.0183716215342864	0.0155713738049209	0.00231251180151856	0.00664247958417613
rs8050499	16	68428326	A	G	-0.044	0.0063	92820	0.83446	-0.007113	0.0125074	-0.0229240498922109	-0.00373871227375538	0.00328230714365747	0.00657409952098524
rs8087313	18	47275339	T	C	-0.0462	0.0068	185631.89	0.923312	0.007029	0.0177107	-0.0157690950024659	0.00264512674658733	0.00232099233802528	0.00666482376878421
rs838876	12	125259888	G	A	-0.0493	0.0039	173066	0.641926	0.027599	0.0103696	-0.0303862029507597	0.0187127330157643	0.00240377670401547	0.00703081837313924
rs863750	12	124505444	T	C	-0.0264	0.0035	186996	0.588721	0.027788	0.0093898	-0.017442941496036	0.0193372770397803	0.00231251118318659	0.00653422930574812
rs930991	8	9203101	A	C	-0.0253	0.0039	186756.01	0.722115	-0.015942	0.0103077	-0.0150113109355587	-0.0100993526710497	0.00231399654737862	0.00652998980851706
rs936960	15	58751877	G	T	-0.0414	0.0064	167806	0.875279	-0.02584	0.017261	-0.0157912541952774	-0.012073982824928	0.00244116006883516	0.00806536445592424
rs9457931	6	160929904	A	G	0.0552	0.0073	171668.7	0.878808	-0.020467	0.0142976	0.0182503273403821	-0.00944611360909581	0.00241353966639111	0.00659875672728823
rs9491689	6	127398595	C	A	0.0205	0.0038	187116	0.696339	-0.004623	0.0101002	0.0124713883189286	-0.00300637921319018	0.0023117695420453	0.00656825250466439
rs964184	11	116648917	C	G	0.1065	0.0071	94289	0.815294	-0.049958	0.0123988	0.048849569886587	-0.0274168569619951	0.00325663799243914	0.00680443825013782
rs970548	10	46013277	A	C	-0.0258	0.0039	186596.01	0.765491	-0.004782	0.0108769	-0.0153145387991549	-0.00286532818308965	0.00231498842312806	0.00651733335730821
rs9922615	16	67398369	T	C	0.054	0.0077	183649.83	0.93348	0.005397	0.0227966	0.0163646894925661	0.00190193663968533	0.00233348350171776	0.00803366477677425
rs998584	6	43757896	C	A	0.026	0.0038	183791	0.49454	-0.041945	0.0098862	0.0159598068457642	-0.0296578254842465	0.00233258715438092	0.00699018224585429
rs9989419	16	56985139	G	A	0.1473	0.0036	177532	0.595187	-0.008805	0.009544	0.097109545886823	-0.00611221049090576	0.00237334939030932	0.00662520578366889
